0 0 512 512 0 0
0 0 256 256 0 0
0 0 128 128 0 0
0 0 64 64 0 0
0 0 32 32 32 1
32 0 32 32 8 1
0 32 32 32 8 1
32 32 32 32 32 1
64 0 64 64 0 0
64 0 32 32 32 1
96 0 32 32 0 1
64 32 32 32 0 1
96 32 32 32 32 1
0 64 64 64 0 0
0 64 32 32 32 1
32 64 32 32 0 1
0 96 32 32 0 1
32 96 32 32 32 1
64 64 64 64 0 0
64 64 32 32 32 1
96 64 32 32 8 1
64 96 32 32 8 1
96 96 32 32 32 1
128 0 128 128 0 0
128 0 64 64 0 1
192 0 64 64 0 1
128 64 64 64 0 0
128 64 32 32 32 1
160 64 32 32 0 1
128 96 32 32 0 1
160 96 32 32 32 1
192 64 64 64 0 1
0 128 128 128 0 0
0 128 64 64 0 1
64 128 64 64 0 0
64 128 32 32 32 1
96 128 32 32 0 1
64 160 32 32 0 1
96 160 32 32 32 1
0 192 64 64 0 1
64 192 64 64 0 1
128 128 128 128 0 0
128 128 64 64 0 0
128 128 32 32 32 1
160 128 32 32 8 1
128 160 32 32 8 1
160 160 32 32 32 1
192 128 64 64 0 0
192 128 32 32 32 1
224 128 32 32 0 1
192 160 32 32 0 1
224 160 32 32 32 1
128 192 64 64 0 0
128 192 32 32 32 1
160 192 32 32 0 1
128 224 32 32 0 1
160 224 32 32 32 1
192 192 64 64 0 0
192 192 32 32 32 1
224 192 32 32 8 1
192 224 32 32 8 1
224 224 32 32 32 1
256 0 256 256 0 0
256 0 128 128 0 1
384 0 128 128 0 1
256 128 128 128 0 0
256 128 64 64 0 1
320 128 64 64 0 1
256 192 64 64 0 0
256 192 32 32 32 1
288 192 32 32 0 1
256 224 32 32 0 1
288 224 32 32 32 1
320 192 64 64 0 1
384 128 128 128 0 1
0 256 256 256 0 0
0 256 128 128 0 1
128 256 128 128 0 0
128 256 64 64 0 1
192 256 64 64 0 0
192 256 32 32 32 1
224 256 32 32 0 1
192 288 32 32 0 1
224 288 32 32 32 1
128 320 64 64 0 1
192 320 64 64 0 1
0 384 128 128 0 1
128 384 128 128 0 1
256 256 256 256 0 0
256 256 128 128 0 0
256 256 64 64 0 0
256 256 32 32 32 1
288 256 32 32 8 1
256 288 32 32 8 1
288 288 32 32 32 1
320 256 64 64 0 0
320 256 32 32 32 1
352 256 32 32 0 1
320 288 32 32 0 1
352 288 32 32 32 1
256 320 64 64 0 0
256 320 32 32 32 1
288 320 32 32 0 1
256 352 32 32 0 1
288 352 32 32 32 1
320 320 64 64 0 0
320 320 32 32 32 1
352 320 32 32 8 1
320 352 32 32 8 1
352 352 32 32 32 1
384 256 128 128 0 0
384 256 64 64 0 1
448 256 64 64 0 1
384 320 64 64 0 0
384 320 32 32 32 1
416 320 32 32 0 1
384 352 32 32 0 1
416 352 32 32 32 1
448 320 64 64 0 1
256 384 128 128 0 0
256 384 64 64 0 1
320 384 64 64 0 0
320 384 32 32 32 1
352 384 32 32 0 1
320 416 32 32 0 1
352 416 32 32 32 1
256 448 64 64 0 1
320 448 64 64 0 1
384 384 128 128 0 0
384 384 64 64 0 0
384 384 32 32 32 1
416 384 32 32 8 1
384 416 32 32 8 1
416 416 32 32 32 1
448 384 64 64 0 0
448 384 32 32 32 1
480 384 32 32 0 1
448 416 32 32 0 1
480 416 32 32 32 1
384 448 64 64 0 0
384 448 32 32 32 1
416 448 32 32 0 1
384 480 32 32 0 1
416 480 32 32 32 1
448 448 64 64 0 0
448 448 32 32 32 1
480 448 32 32 8 1
448 480 32 32 8 1
480 480 32 32 32 1
