0 0 512 512 0 0
0 0 256 256 0 0
0 0 128 128 0 0
0 0 64 64 64 1
64 0 64 64 64 1
0 64 64 64 64 1
64 64 64 64 64 1
128 0 128 128 0 0
128 0 64 64 0 1
192 0 64 64 0 1
128 64 64 64 64 1
192 64 64 64 0 1
0 128 128 128 0 0
0 128 64 64 0 1
64 128 64 64 64 1
0 192 64 64 0 1
64 192 64 64 0 1
128 128 128 128 0 0
128 128 64 64 64 1
192 128 64 64 64 1
128 192 64 64 64 1
192 192 64 64 64 1
256 0 256 256 0 0
256 0 128 128 0 1
384 0 128 128 0 1
256 128 128 128 0 0
256 128 64 64 0 1
320 128 64 64 0 1
256 192 64 64 64 1
320 192 64 64 0 1
384 128 128 128 0 1
0 256 256 256 0 0
0 256 128 128 0 1
128 256 128 128 0 0
128 256 64 64 0 1
192 256 64 64 64 1
128 320 64 64 0 1
192 320 64 64 0 1
0 384 128 128 0 1
128 384 128 128 0 1
256 256 256 256 0 0
256 256 128 128 0 0
256 256 64 64 64 1
320 256 64 64 64 1
256 320 64 64 64 1
320 320 64 64 64 1
384 256 128 128 0 0
384 256 64 64 0 1
448 256 64 64 0 1
384 320 64 64 64 1
448 320 64 64 0 1
256 384 128 128 0 0
256 384 64 64 0 1
320 384 64 64 64 1
256 448 64 64 0 1
320 448 64 64 0 1
384 384 128 128 0 0
384 384 64 64 64 1
448 384 64 64 64 1
384 448 64 64 64 1
448 448 64 64 64 1
