3 4 0.1 206202 74 2.53505e-26
3 16 0.1 200926 53 7.24852e-26
3 32 0.1 189519 84 9.56977e-26
3 64 0.1 180895 103 1.15999e-25
3 4 0.001 198677 75 2.53505e-26
3 16 0.001 193508 53 7.24852e-26
3 32 0.001 185846 76 9.56977e-26
3 64 0.001 165883 99 1.15999e-25
3 4 1e-05 203270 74 2.53505e-26
3 16 1e-05 200300 50 7.24852e-26
3 32 1e-05 193386 90 9.56977e-26
3 64 1e-05 167569 102 1.15999e-25
3 4 1e-07 187968 63 2.53505e-26
3 16 1e-07 187017 45 7.24852e-26
3 32 1e-07 185531 67 9.56977e-26
3 64 1e-07 169010 77 1.15999e-25
3 4 1e-09 197169 76 2.53505e-26
3 16 1e-09 193262 51 7.24852e-26
3 32 1e-09 205362 74 9.56977e-26
3 64 1e-09 190644 106 1.15999e-25
