0 0 512 512 0 0
0 0 256 256 0 0
0 0 128 128 0 0
0 0 64 64 0 0
0 0 32 32 0 0
0 0 16 16 0 0
0 0 8 8 0 0
0 0 4 4 4 1
4 0 4 4 1 1
0 4 4 4 1 1
4 4 4 4 4 1
8 0 8 8 0 0
8 0 4 4 4 1
12 0 4 4 0 1
8 4 4 4 0 1
12 4 4 4 4 1
0 8 8 8 0 0
0 8 4 4 4 1
4 8 4 4 0 1
0 12 4 4 0 1
4 12 4 4 4 1
8 8 8 8 0 0
8 8 4 4 4 1
12 8 4 4 1 1
8 12 4 4 1 1
12 12 4 4 4 1
16 0 16 16 0 0
16 0 8 8 0 1
24 0 8 8 0 1
16 8 8 8 0 0
16 8 4 4 4 1
20 8 4 4 0 1
16 12 4 4 0 1
20 12 4 4 4 1
24 8 8 8 0 1
0 16 16 16 0 0
0 16 8 8 0 1
8 16 8 8 0 0
8 16 4 4 4 1
12 16 4 4 0 1
8 20 4 4 0 1
12 20 4 4 4 1
0 24 8 8 0 1
8 24 8 8 0 1
16 16 16 16 0 0
16 16 8 8 0 0
16 16 4 4 4 1
20 16 4 4 1 1
16 20 4 4 1 1
20 20 4 4 4 1
24 16 8 8 0 0
24 16 4 4 4 1
28 16 4 4 0 1
24 20 4 4 0 1
28 20 4 4 4 1
16 24 8 8 0 0
16 24 4 4 4 1
20 24 4 4 0 1
16 28 4 4 0 1
20 28 4 4 4 1
24 24 8 8 0 0
24 24 4 4 4 1
28 24 4 4 1 1
24 28 4 4 1 1
28 28 4 4 4 1
32 0 32 32 0 0
32 0 16 16 0 1
48 0 16 16 0 1
32 16 16 16 0 0
32 16 8 8 0 1
40 16 8 8 0 1
32 24 8 8 0 0
32 24 4 4 4 1
36 24 4 4 0 1
32 28 4 4 0 1
36 28 4 4 4 1
40 24 8 8 0 1
48 16 16 16 0 1
0 32 32 32 0 0
0 32 16 16 0 1
16 32 16 16 0 0
16 32 8 8 0 1
24 32 8 8 0 0
24 32 4 4 4 1
28 32 4 4 0 1
24 36 4 4 0 1
28 36 4 4 4 1
16 40 8 8 0 1
24 40 8 8 0 1
0 48 16 16 0 1
16 48 16 16 0 1
32 32 32 32 0 0
32 32 16 16 0 0
32 32 8 8 0 0
32 32 4 4 4 1
36 32 4 4 1 1
32 36 4 4 1 1
36 36 4 4 4 1
40 32 8 8 0 0
40 32 4 4 4 1
44 32 4 4 0 1
40 36 4 4 0 1
44 36 4 4 4 1
32 40 8 8 0 0
32 40 4 4 4 1
36 40 4 4 0 1
32 44 4 4 0 1
36 44 4 4 4 1
40 40 8 8 0 0
40 40 4 4 4 1
44 40 4 4 1 1
40 44 4 4 1 1
44 44 4 4 4 1
48 32 16 16 0 0
48 32 8 8 0 1
56 32 8 8 0 1
48 40 8 8 0 0
48 40 4 4 4 1
52 40 4 4 0 1
48 44 4 4 0 1
52 44 4 4 4 1
56 40 8 8 0 1
32 48 16 16 0 0
32 48 8 8 0 1
40 48 8 8 0 0
40 48 4 4 4 1
44 48 4 4 0 1
40 52 4 4 0 1
44 52 4 4 4 1
32 56 8 8 0 1
40 56 8 8 0 1
48 48 16 16 0 0
48 48 8 8 0 0
48 48 4 4 4 1
52 48 4 4 1 1
48 52 4 4 1 1
52 52 4 4 4 1
56 48 8 8 0 0
56 48 4 4 4 1
60 48 4 4 0 1
56 52 4 4 0 1
60 52 4 4 4 1
48 56 8 8 0 0
48 56 4 4 4 1
52 56 4 4 0 1
48 60 4 4 0 1
52 60 4 4 4 1
56 56 8 8 0 0
56 56 4 4 4 1
60 56 4 4 1 1
56 60 4 4 1 1
60 60 4 4 4 1
64 0 64 64 0 0
64 0 32 32 0 0
64 0 16 16 0 0
64 0 8 8 0 0
64 0 4 4 4 1
68 0 4 4 0 1
64 4 4 4 0 1
68 4 4 4 4 1
72 0 8 8 0 1
64 8 8 8 0 1
72 8 8 8 0 0
72 8 4 4 4 1
76 8 4 4 0 1
72 12 4 4 0 1
76 12 4 4 4 1
80 0 16 16 0 1
64 16 16 16 0 1
80 16 16 16 0 0
80 16 8 8 0 0
80 16 4 4 4 1
84 16 4 4 0 1
80 20 4 4 0 1
84 20 4 4 4 1
88 16 8 8 0 1
80 24 8 8 0 1
88 24 8 8 0 0
88 24 4 4 4 1
92 24 4 4 0 1
88 28 4 4 0 1
92 28 4 4 4 1
96 0 32 32 0 1
64 32 32 32 0 1
96 32 32 32 0 0
96 32 16 16 0 0
96 32 8 8 0 0
96 32 4 4 4 1
100 32 4 4 0 1
96 36 4 4 0 1
100 36 4 4 4 1
104 32 8 8 0 1
96 40 8 8 0 1
104 40 8 8 0 0
104 40 4 4 4 1
108 40 4 4 0 1
104 44 4 4 0 1
108 44 4 4 4 1
112 32 16 16 0 1
96 48 16 16 0 1
112 48 16 16 0 0
112 48 8 8 0 0
112 48 4 4 4 1
116 48 4 4 0 1
112 52 4 4 0 1
116 52 4 4 4 1
120 48 8 8 0 1
112 56 8 8 0 1
120 56 8 8 0 0
120 56 4 4 4 1
124 56 4 4 0 1
120 60 4 4 0 1
124 60 4 4 4 1
0 64 64 64 0 0
0 64 32 32 0 0
0 64 16 16 0 0
0 64 8 8 0 0
0 64 4 4 4 1
4 64 4 4 0 1
0 68 4 4 0 1
4 68 4 4 4 1
8 64 8 8 0 1
0 72 8 8 0 1
8 72 8 8 0 0
8 72 4 4 4 1
12 72 4 4 0 1
8 76 4 4 0 1
12 76 4 4 4 1
16 64 16 16 0 1
0 80 16 16 0 1
16 80 16 16 0 0
16 80 8 8 0 0
16 80 4 4 4 1
20 80 4 4 0 1
16 84 4 4 0 1
20 84 4 4 4 1
24 80 8 8 0 1
16 88 8 8 0 1
24 88 8 8 0 0
24 88 4 4 4 1
28 88 4 4 0 1
24 92 4 4 0 1
28 92 4 4 4 1
32 64 32 32 0 1
0 96 32 32 0 1
32 96 32 32 0 0
32 96 16 16 0 0
32 96 8 8 0 0
32 96 4 4 4 1
36 96 4 4 0 1
32 100 4 4 0 1
36 100 4 4 4 1
40 96 8 8 0 1
32 104 8 8 0 1
40 104 8 8 0 0
40 104 4 4 4 1
44 104 4 4 0 1
40 108 4 4 0 1
44 108 4 4 4 1
48 96 16 16 0 1
32 112 16 16 0 1
48 112 16 16 0 0
48 112 8 8 0 0
48 112 4 4 4 1
52 112 4 4 0 1
48 116 4 4 0 1
52 116 4 4 4 1
56 112 8 8 0 1
48 120 8 8 0 1
56 120 8 8 0 0
56 120 4 4 4 1
60 120 4 4 0 1
56 124 4 4 0 1
60 124 4 4 4 1
64 64 64 64 0 0
64 64 32 32 0 0
64 64 16 16 0 0
64 64 8 8 0 0
64 64 4 4 4 1
68 64 4 4 1 1
64 68 4 4 1 1
68 68 4 4 4 1
72 64 8 8 0 0
72 64 4 4 4 1
76 64 4 4 0 1
72 68 4 4 0 1
76 68 4 4 4 1
64 72 8 8 0 0
64 72 4 4 4 1
68 72 4 4 0 1
64 76 4 4 0 1
68 76 4 4 4 1
72 72 8 8 0 0
72 72 4 4 4 1
76 72 4 4 1 1
72 76 4 4 1 1
76 76 4 4 4 1
80 64 16 16 0 0
80 64 8 8 0 1
88 64 8 8 0 1
80 72 8 8 0 0
80 72 4 4 4 1
84 72 4 4 0 1
80 76 4 4 0 1
84 76 4 4 4 1
88 72 8 8 0 1
64 80 16 16 0 0
64 80 8 8 0 1
72 80 8 8 0 0
72 80 4 4 4 1
76 80 4 4 0 1
72 84 4 4 0 1
76 84 4 4 4 1
64 88 8 8 0 1
72 88 8 8 0 1
80 80 16 16 0 0
80 80 8 8 0 0
80 80 4 4 4 1
84 80 4 4 1 1
80 84 4 4 1 1
84 84 4 4 4 1
88 80 8 8 0 0
88 80 4 4 4 1
92 80 4 4 0 1
88 84 4 4 0 1
92 84 4 4 4 1
80 88 8 8 0 0
80 88 4 4 4 1
84 88 4 4 0 1
80 92 4 4 0 1
84 92 4 4 4 1
88 88 8 8 0 0
88 88 4 4 4 1
92 88 4 4 1 1
88 92 4 4 1 1
92 92 4 4 4 1
96 64 32 32 0 0
96 64 16 16 0 1
112 64 16 16 0 1
96 80 16 16 0 0
96 80 8 8 0 1
104 80 8 8 0 1
96 88 8 8 0 0
96 88 4 4 4 1
100 88 4 4 0 1
96 92 4 4 0 1
100 92 4 4 4 1
104 88 8 8 0 1
112 80 16 16 0 1
64 96 32 32 0 0
64 96 16 16 0 1
80 96 16 16 0 0
80 96 8 8 0 1
88 96 8 8 0 0
88 96 4 4 4 1
92 96 4 4 0 1
88 100 4 4 0 1
92 100 4 4 4 1
80 104 8 8 0 1
88 104 8 8 0 1
64 112 16 16 0 1
80 112 16 16 0 1
96 96 32 32 0 0
96 96 16 16 0 0
96 96 8 8 0 0
96 96 4 4 4 1
100 96 4 4 1 1
96 100 4 4 1 1
100 100 4 4 4 1
104 96 8 8 0 0
104 96 4 4 4 1
108 96 4 4 0 1
104 100 4 4 0 1
108 100 4 4 4 1
96 104 8 8 0 0
96 104 4 4 4 1
100 104 4 4 0 1
96 108 4 4 0 1
100 108 4 4 4 1
104 104 8 8 0 0
104 104 4 4 4 1
108 104 4 4 1 1
104 108 4 4 1 1
108 108 4 4 4 1
112 96 16 16 0 0
112 96 8 8 0 1
120 96 8 8 0 1
112 104 8 8 0 0
112 104 4 4 4 1
116 104 4 4 0 1
112 108 4 4 0 1
116 108 4 4 4 1
120 104 8 8 0 1
96 112 16 16 0 0
96 112 8 8 0 1
104 112 8 8 0 0
104 112 4 4 4 1
108 112 4 4 0 1
104 116 4 4 0 1
108 116 4 4 4 1
96 120 8 8 0 1
104 120 8 8 0 1
112 112 16 16 0 0
112 112 8 8 0 0
112 112 4 4 4 1
116 112 4 4 1 1
112 116 4 4 1 1
116 116 4 4 4 1
120 112 8 8 0 0
120 112 4 4 4 1
124 112 4 4 0 1
120 116 4 4 0 1
124 116 4 4 4 1
112 120 8 8 0 0
112 120 4 4 4 1
116 120 4 4 0 1
112 124 4 4 0 1
116 124 4 4 4 1
120 120 8 8 0 0
120 120 4 4 4 1
124 120 4 4 1 1
120 124 4 4 1 1
124 124 4 4 4 1
128 0 128 128 0 0
128 0 64 64 0 1
192 0 64 64 0 1
128 64 64 64 0 0
128 64 32 32 0 0
128 64 16 16 0 0
128 64 8 8 0 0
128 64 4 4 4 1
132 64 4 4 0 1
128 68 4 4 0 1
132 68 4 4 4 1
136 64 8 8 0 1
128 72 8 8 0 1
136 72 8 8 0 0
136 72 4 4 4 1
140 72 4 4 0 1
136 76 4 4 0 1
140 76 4 4 4 1
144 64 16 16 0 1
128 80 16 16 0 1
144 80 16 16 0 0
144 80 8 8 0 0
144 80 4 4 4 1
148 80 4 4 0 1
144 84 4 4 0 1
148 84 4 4 4 1
152 80 8 8 0 1
144 88 8 8 0 1
152 88 8 8 0 0
152 88 4 4 4 1
156 88 4 4 0 1
152 92 4 4 0 1
156 92 4 4 4 1
160 64 32 32 0 1
128 96 32 32 0 1
160 96 32 32 0 0
160 96 16 16 0 0
160 96 8 8 0 0
160 96 4 4 4 1
164 96 4 4 0 1
160 100 4 4 0 1
164 100 4 4 4 1
168 96 8 8 0 1
160 104 8 8 0 1
168 104 8 8 0 0
168 104 4 4 4 1
172 104 4 4 0 1
168 108 4 4 0 1
172 108 4 4 4 1
176 96 16 16 0 1
160 112 16 16 0 1
176 112 16 16 0 0
176 112 8 8 0 0
176 112 4 4 4 1
180 112 4 4 0 1
176 116 4 4 0 1
180 116 4 4 4 1
184 112 8 8 0 1
176 120 8 8 0 1
184 120 8 8 0 0
184 120 4 4 4 1
188 120 4 4 0 1
184 124 4 4 0 1
188 124 4 4 4 1
192 64 64 64 0 1
0 128 128 128 0 0
0 128 64 64 0 1
64 128 64 64 0 0
64 128 32 32 0 0
64 128 16 16 0 0
64 128 8 8 0 0
64 128 4 4 4 1
68 128 4 4 0 1
64 132 4 4 0 1
68 132 4 4 4 1
72 128 8 8 0 1
64 136 8 8 0 1
72 136 8 8 0 0
72 136 4 4 4 1
76 136 4 4 0 1
72 140 4 4 0 1
76 140 4 4 4 1
80 128 16 16 0 1
64 144 16 16 0 1
80 144 16 16 0 0
80 144 8 8 0 0
80 144 4 4 4 1
84 144 4 4 0 1
80 148 4 4 0 1
84 148 4 4 4 1
88 144 8 8 0 1
80 152 8 8 0 1
88 152 8 8 0 0
88 152 4 4 4 1
92 152 4 4 0 1
88 156 4 4 0 1
92 156 4 4 4 1
96 128 32 32 0 1
64 160 32 32 0 1
96 160 32 32 0 0
96 160 16 16 0 0
96 160 8 8 0 0
96 160 4 4 4 1
100 160 4 4 0 1
96 164 4 4 0 1
100 164 4 4 4 1
104 160 8 8 0 1
96 168 8 8 0 1
104 168 8 8 0 0
104 168 4 4 4 1
108 168 4 4 0 1
104 172 4 4 0 1
108 172 4 4 4 1
112 160 16 16 0 1
96 176 16 16 0 1
112 176 16 16 0 0
112 176 8 8 0 0
112 176 4 4 4 1
116 176 4 4 0 1
112 180 4 4 0 1
116 180 4 4 4 1
120 176 8 8 0 1
112 184 8 8 0 1
120 184 8 8 0 0
120 184 4 4 4 1
124 184 4 4 0 1
120 188 4 4 0 1
124 188 4 4 4 1
0 192 64 64 0 1
64 192 64 64 0 1
128 128 128 128 0 0
128 128 64 64 0 0
128 128 32 32 0 0
128 128 16 16 0 0
128 128 8 8 0 0
128 128 4 4 4 1
132 128 4 4 1 1
128 132 4 4 1 1
132 132 4 4 4 1
136 128 8 8 0 0
136 128 4 4 4 1
140 128 4 4 0 1
136 132 4 4 0 1
140 132 4 4 4 1
128 136 8 8 0 0
128 136 4 4 4 1
132 136 4 4 0 1
128 140 4 4 0 1
132 140 4 4 4 1
136 136 8 8 0 0
136 136 4 4 4 1
140 136 4 4 1 1
136 140 4 4 1 1
140 140 4 4 4 1
144 128 16 16 0 0
144 128 8 8 0 1
152 128 8 8 0 1
144 136 8 8 0 0
144 136 4 4 4 1
148 136 4 4 0 1
144 140 4 4 0 1
148 140 4 4 4 1
152 136 8 8 0 1
128 144 16 16 0 0
128 144 8 8 0 1
136 144 8 8 0 0
136 144 4 4 4 1
140 144 4 4 0 1
136 148 4 4 0 1
140 148 4 4 4 1
128 152 8 8 0 1
136 152 8 8 0 1
144 144 16 16 0 0
144 144 8 8 0 0
144 144 4 4 4 1
148 144 4 4 1 1
144 148 4 4 1 1
148 148 4 4 4 1
152 144 8 8 0 0
152 144 4 4 4 1
156 144 4 4 0 1
152 148 4 4 0 1
156 148 4 4 4 1
144 152 8 8 0 0
144 152 4 4 4 1
148 152 4 4 0 1
144 156 4 4 0 1
148 156 4 4 4 1
152 152 8 8 0 0
152 152 4 4 4 1
156 152 4 4 1 1
152 156 4 4 1 1
156 156 4 4 4 1
160 128 32 32 0 0
160 128 16 16 0 1
176 128 16 16 0 1
160 144 16 16 0 0
160 144 8 8 0 1
168 144 8 8 0 1
160 152 8 8 0 0
160 152 4 4 4 1
164 152 4 4 0 1
160 156 4 4 0 1
164 156 4 4 4 1
168 152 8 8 0 1
176 144 16 16 0 1
128 160 32 32 0 0
128 160 16 16 0 1
144 160 16 16 0 0
144 160 8 8 0 1
152 160 8 8 0 0
152 160 4 4 4 1
156 160 4 4 0 1
152 164 4 4 0 1
156 164 4 4 4 1
144 168 8 8 0 1
152 168 8 8 0 1
128 176 16 16 0 1
144 176 16 16 0 1
160 160 32 32 0 0
160 160 16 16 0 0
160 160 8 8 0 0
160 160 4 4 4 1
164 160 4 4 1 1
160 164 4 4 1 1
164 164 4 4 4 1
168 160 8 8 0 0
168 160 4 4 4 1
172 160 4 4 0 1
168 164 4 4 0 1
172 164 4 4 4 1
160 168 8 8 0 0
160 168 4 4 4 1
164 168 4 4 0 1
160 172 4 4 0 1
164 172 4 4 4 1
168 168 8 8 0 0
168 168 4 4 4 1
172 168 4 4 1 1
168 172 4 4 1 1
172 172 4 4 4 1
176 160 16 16 0 0
176 160 8 8 0 1
184 160 8 8 0 1
176 168 8 8 0 0
176 168 4 4 4 1
180 168 4 4 0 1
176 172 4 4 0 1
180 172 4 4 4 1
184 168 8 8 0 1
160 176 16 16 0 0
160 176 8 8 0 1
168 176 8 8 0 0
168 176 4 4 4 1
172 176 4 4 0 1
168 180 4 4 0 1
172 180 4 4 4 1
160 184 8 8 0 1
168 184 8 8 0 1
176 176 16 16 0 0
176 176 8 8 0 0
176 176 4 4 4 1
180 176 4 4 1 1
176 180 4 4 1 1
180 180 4 4 4 1
184 176 8 8 0 0
184 176 4 4 4 1
188 176 4 4 0 1
184 180 4 4 0 1
188 180 4 4 4 1
176 184 8 8 0 0
176 184 4 4 4 1
180 184 4 4 0 1
176 188 4 4 0 1
180 188 4 4 4 1
184 184 8 8 0 0
184 184 4 4 4 1
188 184 4 4 1 1
184 188 4 4 1 1
188 188 4 4 4 1
192 128 64 64 0 0
192 128 32 32 0 0
192 128 16 16 0 0
192 128 8 8 0 0
192 128 4 4 4 1
196 128 4 4 0 1
192 132 4 4 0 1
196 132 4 4 4 1
200 128 8 8 0 1
192 136 8 8 0 1
200 136 8 8 0 0
200 136 4 4 4 1
204 136 4 4 0 1
200 140 4 4 0 1
204 140 4 4 4 1
208 128 16 16 0 1
192 144 16 16 0 1
208 144 16 16 0 0
208 144 8 8 0 0
208 144 4 4 4 1
212 144 4 4 0 1
208 148 4 4 0 1
212 148 4 4 4 1
216 144 8 8 0 1
208 152 8 8 0 1
216 152 8 8 0 0
216 152 4 4 4 1
220 152 4 4 0 1
216 156 4 4 0 1
220 156 4 4 4 1
224 128 32 32 0 1
192 160 32 32 0 1
224 160 32 32 0 0
224 160 16 16 0 0
224 160 8 8 0 0
224 160 4 4 4 1
228 160 4 4 0 1
224 164 4 4 0 1
228 164 4 4 4 1
232 160 8 8 0 1
224 168 8 8 0 1
232 168 8 8 0 0
232 168 4 4 4 1
236 168 4 4 0 1
232 172 4 4 0 1
236 172 4 4 4 1
240 160 16 16 0 1
224 176 16 16 0 1
240 176 16 16 0 0
240 176 8 8 0 0
240 176 4 4 4 1
244 176 4 4 0 1
240 180 4 4 0 1
244 180 4 4 4 1
248 176 8 8 0 1
240 184 8 8 0 1
248 184 8 8 0 0
248 184 4 4 4 1
252 184 4 4 0 1
248 188 4 4 0 1
252 188 4 4 4 1
128 192 64 64 0 0
128 192 32 32 0 0
128 192 16 16 0 0
128 192 8 8 0 0
128 192 4 4 4 1
132 192 4 4 0 1
128 196 4 4 0 1
132 196 4 4 4 1
136 192 8 8 0 1
128 200 8 8 0 1
136 200 8 8 0 0
136 200 4 4 4 1
140 200 4 4 0 1
136 204 4 4 0 1
140 204 4 4 4 1
144 192 16 16 0 1
128 208 16 16 0 1
144 208 16 16 0 0
144 208 8 8 0 0
144 208 4 4 4 1
148 208 4 4 0 1
144 212 4 4 0 1
148 212 4 4 4 1
152 208 8 8 0 1
144 216 8 8 0 1
152 216 8 8 0 0
152 216 4 4 4 1
156 216 4 4 0 1
152 220 4 4 0 1
156 220 4 4 4 1
160 192 32 32 0 1
128 224 32 32 0 1
160 224 32 32 0 0
160 224 16 16 0 0
160 224 8 8 0 0
160 224 4 4 4 1
164 224 4 4 0 1
160 228 4 4 0 1
164 228 4 4 4 1
168 224 8 8 0 1
160 232 8 8 0 1
168 232 8 8 0 0
168 232 4 4 4 1
172 232 4 4 0 1
168 236 4 4 0 1
172 236 4 4 4 1
176 224 16 16 0 1
160 240 16 16 0 1
176 240 16 16 0 0
176 240 8 8 0 0
176 240 4 4 4 1
180 240 4 4 0 1
176 244 4 4 0 1
180 244 4 4 4 1
184 240 8 8 0 1
176 248 8 8 0 1
184 248 8 8 0 0
184 248 4 4 4 1
188 248 4 4 0 1
184 252 4 4 0 1
188 252 4 4 4 1
192 192 64 64 0 0
192 192 32 32 0 0
192 192 16 16 0 0
192 192 8 8 0 0
192 192 4 4 4 1
196 192 4 4 1 1
192 196 4 4 1 1
196 196 4 4 4 1
200 192 8 8 0 0
200 192 4 4 4 1
204 192 4 4 0 1
200 196 4 4 0 1
204 196 4 4 4 1
192 200 8 8 0 0
192 200 4 4 4 1
196 200 4 4 0 1
192 204 4 4 0 1
196 204 4 4 4 1
200 200 8 8 0 0
200 200 4 4 4 1
204 200 4 4 1 1
200 204 4 4 1 1
204 204 4 4 4 1
208 192 16 16 0 0
208 192 8 8 0 1
216 192 8 8 0 1
208 200 8 8 0 0
208 200 4 4 4 1
212 200 4 4 0 1
208 204 4 4 0 1
212 204 4 4 4 1
216 200 8 8 0 1
192 208 16 16 0 0
192 208 8 8 0 1
200 208 8 8 0 0
200 208 4 4 4 1
204 208 4 4 0 1
200 212 4 4 0 1
204 212 4 4 4 1
192 216 8 8 0 1
200 216 8 8 0 1
208 208 16 16 0 0
208 208 8 8 0 0
208 208 4 4 4 1
212 208 4 4 1 1
208 212 4 4 1 1
212 212 4 4 4 1
216 208 8 8 0 0
216 208 4 4 4 1
220 208 4 4 0 1
216 212 4 4 0 1
220 212 4 4 4 1
208 216 8 8 0 0
208 216 4 4 4 1
212 216 4 4 0 1
208 220 4 4 0 1
212 220 4 4 4 1
216 216 8 8 0 0
216 216 4 4 4 1
220 216 4 4 1 1
216 220 4 4 1 1
220 220 4 4 4 1
224 192 32 32 0 0
224 192 16 16 0 1
240 192 16 16 0 1
224 208 16 16 0 0
224 208 8 8 0 1
232 208 8 8 0 1
224 216 8 8 0 0
224 216 4 4 4 1
228 216 4 4 0 1
224 220 4 4 0 1
228 220 4 4 4 1
232 216 8 8 0 1
240 208 16 16 0 1
192 224 32 32 0 0
192 224 16 16 0 1
208 224 16 16 0 0
208 224 8 8 0 1
216 224 8 8 0 0
216 224 4 4 4 1
220 224 4 4 0 1
216 228 4 4 0 1
220 228 4 4 4 1
208 232 8 8 0 1
216 232 8 8 0 1
192 240 16 16 0 1
208 240 16 16 0 1
224 224 32 32 0 0
224 224 16 16 0 0
224 224 8 8 0 0
224 224 4 4 4 1
228 224 4 4 1 1
224 228 4 4 1 1
228 228 4 4 4 1
232 224 8 8 0 0
232 224 4 4 4 1
236 224 4 4 0 1
232 228 4 4 0 1
236 228 4 4 4 1
224 232 8 8 0 0
224 232 4 4 4 1
228 232 4 4 0 1
224 236 4 4 0 1
228 236 4 4 4 1
232 232 8 8 0 0
232 232 4 4 4 1
236 232 4 4 1 1
232 236 4 4 1 1
236 236 4 4 4 1
240 224 16 16 0 0
240 224 8 8 0 1
248 224 8 8 0 1
240 232 8 8 0 0
240 232 4 4 4 1
244 232 4 4 0 1
240 236 4 4 0 1
244 236 4 4 4 1
248 232 8 8 0 1
224 240 16 16 0 0
224 240 8 8 0 1
232 240 8 8 0 0
232 240 4 4 4 1
236 240 4 4 0 1
232 244 4 4 0 1
236 244 4 4 4 1
224 248 8 8 0 1
232 248 8 8 0 1
240 240 16 16 0 0
240 240 8 8 0 0
240 240 4 4 4 1
244 240 4 4 1 1
240 244 4 4 1 1
244 244 4 4 4 1
248 240 8 8 0 0
248 240 4 4 4 1
252 240 4 4 0 1
248 244 4 4 0 1
252 244 4 4 4 1
240 248 8 8 0 0
240 248 4 4 4 1
244 248 4 4 0 1
240 252 4 4 0 1
244 252 4 4 4 1
248 248 8 8 0 0
248 248 4 4 4 1
252 248 4 4 1 1
248 252 4 4 1 1
252 252 4 4 4 1
256 0 256 256 0 0
256 0 128 128 0 1
384 0 128 128 0 1
256 128 128 128 0 0
256 128 64 64 0 1
320 128 64 64 0 1
256 192 64 64 0 0
256 192 32 32 0 0
256 192 16 16 0 0
256 192 8 8 0 0
256 192 4 4 4 1
260 192 4 4 0 1
256 196 4 4 0 1
260 196 4 4 4 1
264 192 8 8 0 1
256 200 8 8 0 1
264 200 8 8 0 0
264 200 4 4 4 1
268 200 4 4 0 1
264 204 4 4 0 1
268 204 4 4 4 1
272 192 16 16 0 1
256 208 16 16 0 1
272 208 16 16 0 0
272 208 8 8 0 0
272 208 4 4 4 1
276 208 4 4 0 1
272 212 4 4 0 1
276 212 4 4 4 1
280 208 8 8 0 1
272 216 8 8 0 1
280 216 8 8 0 0
280 216 4 4 4 1
284 216 4 4 0 1
280 220 4 4 0 1
284 220 4 4 4 1
288 192 32 32 0 1
256 224 32 32 0 1
288 224 32 32 0 0
288 224 16 16 0 0
288 224 8 8 0 0
288 224 4 4 4 1
292 224 4 4 0 1
288 228 4 4 0 1
292 228 4 4 4 1
296 224 8 8 0 1
288 232 8 8 0 1
296 232 8 8 0 0
296 232 4 4 4 1
300 232 4 4 0 1
296 236 4 4 0 1
300 236 4 4 4 1
304 224 16 16 0 1
288 240 16 16 0 1
304 240 16 16 0 0
304 240 8 8 0 0
304 240 4 4 4 1
308 240 4 4 0 1
304 244 4 4 0 1
308 244 4 4 4 1
312 240 8 8 0 1
304 248 8 8 0 1
312 248 8 8 0 0
312 248 4 4 4 1
316 248 4 4 0 1
312 252 4 4 0 1
316 252 4 4 4 1
320 192 64 64 0 1
384 128 128 128 0 1
0 256 256 256 0 0
0 256 128 128 0 1
128 256 128 128 0 0
128 256 64 64 0 1
192 256 64 64 0 0
192 256 32 32 0 0
192 256 16 16 0 0
192 256 8 8 0 0
192 256 4 4 4 1
196 256 4 4 0 1
192 260 4 4 0 1
196 260 4 4 4 1
200 256 8 8 0 1
192 264 8 8 0 1
200 264 8 8 0 0
200 264 4 4 4 1
204 264 4 4 0 1
200 268 4 4 0 1
204 268 4 4 4 1
208 256 16 16 0 1
192 272 16 16 0 1
208 272 16 16 0 0
208 272 8 8 0 0
208 272 4 4 4 1
212 272 4 4 0 1
208 276 4 4 0 1
212 276 4 4 4 1
216 272 8 8 0 1
208 280 8 8 0 1
216 280 8 8 0 0
216 280 4 4 4 1
220 280 4 4 0 1
216 284 4 4 0 1
220 284 4 4 4 1
224 256 32 32 0 1
192 288 32 32 0 1
224 288 32 32 0 0
224 288 16 16 0 0
224 288 8 8 0 0
224 288 4 4 4 1
228 288 4 4 0 1
224 292 4 4 0 1
228 292 4 4 4 1
232 288 8 8 0 1
224 296 8 8 0 1
232 296 8 8 0 0
232 296 4 4 4 1
236 296 4 4 0 1
232 300 4 4 0 1
236 300 4 4 4 1
240 288 16 16 0 1
224 304 16 16 0 1
240 304 16 16 0 0
240 304 8 8 0 0
240 304 4 4 4 1
244 304 4 4 0 1
240 308 4 4 0 1
244 308 4 4 4 1
248 304 8 8 0 1
240 312 8 8 0 1
248 312 8 8 0 0
248 312 4 4 4 1
252 312 4 4 0 1
248 316 4 4 0 1
252 316 4 4 4 1
128 320 64 64 0 1
192 320 64 64 0 1
0 384 128 128 0 1
128 384 128 128 0 1
256 256 256 256 0 0
256 256 128 128 0 0
256 256 64 64 0 0
256 256 32 32 0 0
256 256 16 16 0 0
256 256 8 8 0 0
256 256 4 4 4 1
260 256 4 4 1 1
256 260 4 4 1 1
260 260 4 4 4 1
264 256 8 8 0 0
264 256 4 4 4 1
268 256 4 4 0 1
264 260 4 4 0 1
268 260 4 4 4 1
256 264 8 8 0 0
256 264 4 4 4 1
260 264 4 4 0 1
256 268 4 4 0 1
260 268 4 4 4 1
264 264 8 8 0 0
264 264 4 4 4 1
268 264 4 4 1 1
264 268 4 4 1 1
268 268 4 4 4 1
272 256 16 16 0 0
272 256 8 8 0 1
280 256 8 8 0 1
272 264 8 8 0 0
272 264 4 4 4 1
276 264 4 4 0 1
272 268 4 4 0 1
276 268 4 4 4 1
280 264 8 8 0 1
256 272 16 16 0 0
256 272 8 8 0 1
264 272 8 8 0 0
264 272 4 4 4 1
268 272 4 4 0 1
264 276 4 4 0 1
268 276 4 4 4 1
256 280 8 8 0 1
264 280 8 8 0 1
272 272 16 16 0 0
272 272 8 8 0 0
272 272 4 4 4 1
276 272 4 4 1 1
272 276 4 4 1 1
276 276 4 4 4 1
280 272 8 8 0 0
280 272 4 4 4 1
284 272 4 4 0 1
280 276 4 4 0 1
284 276 4 4 4 1
272 280 8 8 0 0
272 280 4 4 4 1
276 280 4 4 0 1
272 284 4 4 0 1
276 284 4 4 4 1
280 280 8 8 0 0
280 280 4 4 4 1
284 280 4 4 1 1
280 284 4 4 1 1
284 284 4 4 4 1
288 256 32 32 0 0
288 256 16 16 0 1
304 256 16 16 0 1
288 272 16 16 0 0
288 272 8 8 0 1
296 272 8 8 0 1
288 280 8 8 0 0
288 280 4 4 4 1
292 280 4 4 0 1
288 284 4 4 0 1
292 284 4 4 4 1
296 280 8 8 0 1
304 272 16 16 0 1
256 288 32 32 0 0
256 288 16 16 0 1
272 288 16 16 0 0
272 288 8 8 0 1
280 288 8 8 0 0
280 288 4 4 4 1
284 288 4 4 0 1
280 292 4 4 0 1
284 292 4 4 4 1
272 296 8 8 0 1
280 296 8 8 0 1
256 304 16 16 0 1
272 304 16 16 0 1
288 288 32 32 0 0
288 288 16 16 0 0
288 288 8 8 0 0
288 288 4 4 4 1
292 288 4 4 1 1
288 292 4 4 1 1
292 292 4 4 4 1
296 288 8 8 0 0
296 288 4 4 4 1
300 288 4 4 0 1
296 292 4 4 0 1
300 292 4 4 4 1
288 296 8 8 0 0
288 296 4 4 4 1
292 296 4 4 0 1
288 300 4 4 0 1
292 300 4 4 4 1
296 296 8 8 0 0
296 296 4 4 4 1
300 296 4 4 1 1
296 300 4 4 1 1
300 300 4 4 4 1
304 288 16 16 0 0
304 288 8 8 0 1
312 288 8 8 0 1
304 296 8 8 0 0
304 296 4 4 4 1
308 296 4 4 0 1
304 300 4 4 0 1
308 300 4 4 4 1
312 296 8 8 0 1
288 304 16 16 0 0
288 304 8 8 0 1
296 304 8 8 0 0
296 304 4 4 4 1
300 304 4 4 0 1
296 308 4 4 0 1
300 308 4 4 4 1
288 312 8 8 0 1
296 312 8 8 0 1
304 304 16 16 0 0
304 304 8 8 0 0
304 304 4 4 4 1
308 304 4 4 1 1
304 308 4 4 1 1
308 308 4 4 4 1
312 304 8 8 0 0
312 304 4 4 4 1
316 304 4 4 0 1
312 308 4 4 0 1
316 308 4 4 4 1
304 312 8 8 0 0
304 312 4 4 4 1
308 312 4 4 0 1
304 316 4 4 0 1
308 316 4 4 4 1
312 312 8 8 0 0
312 312 4 4 4 1
316 312 4 4 1 1
312 316 4 4 1 1
316 316 4 4 4 1
320 256 64 64 0 0
320 256 32 32 0 0
320 256 16 16 0 0
320 256 8 8 0 0
320 256 4 4 4 1
324 256 4 4 0 1
320 260 4 4 0 1
324 260 4 4 4 1
328 256 8 8 0 1
320 264 8 8 0 1
328 264 8 8 0 0
328 264 4 4 4 1
332 264 4 4 0 1
328 268 4 4 0 1
332 268 4 4 4 1
336 256 16 16 0 1
320 272 16 16 0 1
336 272 16 16 0 0
336 272 8 8 0 0
336 272 4 4 4 1
340 272 4 4 0 1
336 276 4 4 0 1
340 276 4 4 4 1
344 272 8 8 0 1
336 280 8 8 0 1
344 280 8 8 0 0
344 280 4 4 4 1
348 280 4 4 0 1
344 284 4 4 0 1
348 284 4 4 4 1
352 256 32 32 0 1
320 288 32 32 0 1
352 288 32 32 0 0
352 288 16 16 0 0
352 288 8 8 0 0
352 288 4 4 4 1
356 288 4 4 0 1
352 292 4 4 0 1
356 292 4 4 4 1
360 288 8 8 0 1
352 296 8 8 0 1
360 296 8 8 0 0
360 296 4 4 4 1
364 296 4 4 0 1
360 300 4 4 0 1
364 300 4 4 4 1
368 288 16 16 0 1
352 304 16 16 0 1
368 304 16 16 0 0
368 304 8 8 0 0
368 304 4 4 4 1
372 304 4 4 0 1
368 308 4 4 0 1
372 308 4 4 4 1
376 304 8 8 0 1
368 312 8 8 0 1
376 312 8 8 0 0
376 312 4 4 4 1
380 312 4 4 0 1
376 316 4 4 0 1
380 316 4 4 4 1
256 320 64 64 0 0
256 320 32 32 0 0
256 320 16 16 0 0
256 320 8 8 0 0
256 320 4 4 4 1
260 320 4 4 0 1
256 324 4 4 0 1
260 324 4 4 4 1
264 320 8 8 0 1
256 328 8 8 0 1
264 328 8 8 0 0
264 328 4 4 4 1
268 328 4 4 0 1
264 332 4 4 0 1
268 332 4 4 4 1
272 320 16 16 0 1
256 336 16 16 0 1
272 336 16 16 0 0
272 336 8 8 0 0
272 336 4 4 4 1
276 336 4 4 0 1
272 340 4 4 0 1
276 340 4 4 4 1
280 336 8 8 0 1
272 344 8 8 0 1
280 344 8 8 0 0
280 344 4 4 4 1
284 344 4 4 0 1
280 348 4 4 0 1
284 348 4 4 4 1
288 320 32 32 0 1
256 352 32 32 0 1
288 352 32 32 0 0
288 352 16 16 0 0
288 352 8 8 0 0
288 352 4 4 4 1
292 352 4 4 0 1
288 356 4 4 0 1
292 356 4 4 4 1
296 352 8 8 0 1
288 360 8 8 0 1
296 360 8 8 0 0
296 360 4 4 4 1
300 360 4 4 0 1
296 364 4 4 0 1
300 364 4 4 4 1
304 352 16 16 0 1
288 368 16 16 0 1
304 368 16 16 0 0
304 368 8 8 0 0
304 368 4 4 4 1
308 368 4 4 0 1
304 372 4 4 0 1
308 372 4 4 4 1
312 368 8 8 0 1
304 376 8 8 0 1
312 376 8 8 0 0
312 376 4 4 4 1
316 376 4 4 0 1
312 380 4 4 0 1
316 380 4 4 4 1
320 320 64 64 0 0
320 320 32 32 0 0
320 320 16 16 0 0
320 320 8 8 0 0
320 320 4 4 4 1
324 320 4 4 1 1
320 324 4 4 1 1
324 324 4 4 4 1
328 320 8 8 0 0
328 320 4 4 4 1
332 320 4 4 0 1
328 324 4 4 0 1
332 324 4 4 4 1
320 328 8 8 0 0
320 328 4 4 4 1
324 328 4 4 0 1
320 332 4 4 0 1
324 332 4 4 4 1
328 328 8 8 0 0
328 328 4 4 4 1
332 328 4 4 1 1
328 332 4 4 1 1
332 332 4 4 4 1
336 320 16 16 0 0
336 320 8 8 0 1
344 320 8 8 0 1
336 328 8 8 0 0
336 328 4 4 4 1
340 328 4 4 0 1
336 332 4 4 0 1
340 332 4 4 4 1
344 328 8 8 0 1
320 336 16 16 0 0
320 336 8 8 0 1
328 336 8 8 0 0
328 336 4 4 4 1
332 336 4 4 0 1
328 340 4 4 0 1
332 340 4 4 4 1
320 344 8 8 0 1
328 344 8 8 0 1
336 336 16 16 0 0
336 336 8 8 0 0
336 336 4 4 4 1
340 336 4 4 1 1
336 340 4 4 1 1
340 340 4 4 4 1
344 336 8 8 0 0
344 336 4 4 4 1
348 336 4 4 0 1
344 340 4 4 0 1
348 340 4 4 4 1
336 344 8 8 0 0
336 344 4 4 4 1
340 344 4 4 0 1
336 348 4 4 0 1
340 348 4 4 4 1
344 344 8 8 0 0
344 344 4 4 4 1
348 344 4 4 1 1
344 348 4 4 1 1
348 348 4 4 4 1
352 320 32 32 0 0
352 320 16 16 0 1
368 320 16 16 0 1
352 336 16 16 0 0
352 336 8 8 0 1
360 336 8 8 0 1
352 344 8 8 0 0
352 344 4 4 4 1
356 344 4 4 0 1
352 348 4 4 0 1
356 348 4 4 4 1
360 344 8 8 0 1
368 336 16 16 0 1
320 352 32 32 0 0
320 352 16 16 0 1
336 352 16 16 0 0
336 352 8 8 0 1
344 352 8 8 0 0
344 352 4 4 4 1
348 352 4 4 0 1
344 356 4 4 0 1
348 356 4 4 4 1
336 360 8 8 0 1
344 360 8 8 0 1
320 368 16 16 0 1
336 368 16 16 0 1
352 352 32 32 0 0
352 352 16 16 0 0
352 352 8 8 0 0
352 352 4 4 4 1
356 352 4 4 1 1
352 356 4 4 1 1
356 356 4 4 4 1
360 352 8 8 0 0
360 352 4 4 4 1
364 352 4 4 0 1
360 356 4 4 0 1
364 356 4 4 4 1
352 360 8 8 0 0
352 360 4 4 4 1
356 360 4 4 0 1
352 364 4 4 0 1
356 364 4 4 4 1
360 360 8 8 0 0
360 360 4 4 4 1
364 360 4 4 1 1
360 364 4 4 1 1
364 364 4 4 4 1
368 352 16 16 0 0
368 352 8 8 0 1
376 352 8 8 0 1
368 360 8 8 0 0
368 360 4 4 4 1
372 360 4 4 0 1
368 364 4 4 0 1
372 364 4 4 4 1
376 360 8 8 0 1
352 368 16 16 0 0
352 368 8 8 0 1
360 368 8 8 0 0
360 368 4 4 4 1
364 368 4 4 0 1
360 372 4 4 0 1
364 372 4 4 4 1
352 376 8 8 0 1
360 376 8 8 0 1
368 368 16 16 0 0
368 368 8 8 0 0
368 368 4 4 4 1
372 368 4 4 1 1
368 372 4 4 1 1
372 372 4 4 4 1
376 368 8 8 0 0
376 368 4 4 4 1
380 368 4 4 0 1
376 372 4 4 0 1
380 372 4 4 4 1
368 376 8 8 0 0
368 376 4 4 4 1
372 376 4 4 0 1
368 380 4 4 0 1
372 380 4 4 4 1
376 376 8 8 0 0
376 376 4 4 4 1
380 376 4 4 1 1
376 380 4 4 1 1
380 380 4 4 4 1
384 256 128 128 0 0
384 256 64 64 0 1
448 256 64 64 0 1
384 320 64 64 0 0
384 320 32 32 0 0
384 320 16 16 0 0
384 320 8 8 0 0
384 320 4 4 4 1
388 320 4 4 0 1
384 324 4 4 0 1
388 324 4 4 4 1
392 320 8 8 0 1
384 328 8 8 0 1
392 328 8 8 0 0
392 328 4 4 4 1
396 328 4 4 0 1
392 332 4 4 0 1
396 332 4 4 4 1
400 320 16 16 0 1
384 336 16 16 0 1
400 336 16 16 0 0
400 336 8 8 0 0
400 336 4 4 4 1
404 336 4 4 0 1
400 340 4 4 0 1
404 340 4 4 4 1
408 336 8 8 0 1
400 344 8 8 0 1
408 344 8 8 0 0
408 344 4 4 4 1
412 344 4 4 0 1
408 348 4 4 0 1
412 348 4 4 4 1
416 320 32 32 0 1
384 352 32 32 0 1
416 352 32 32 0 0
416 352 16 16 0 0
416 352 8 8 0 0
416 352 4 4 4 1
420 352 4 4 0 1
416 356 4 4 0 1
420 356 4 4 4 1
424 352 8 8 0 1
416 360 8 8 0 1
424 360 8 8 0 0
424 360 4 4 4 1
428 360 4 4 0 1
424 364 4 4 0 1
428 364 4 4 4 1
432 352 16 16 0 1
416 368 16 16 0 1
432 368 16 16 0 0
432 368 8 8 0 0
432 368 4 4 4 1
436 368 4 4 0 1
432 372 4 4 0 1
436 372 4 4 4 1
440 368 8 8 0 1
432 376 8 8 0 1
440 376 8 8 0 0
440 376 4 4 4 1
444 376 4 4 0 1
440 380 4 4 0 1
444 380 4 4 4 1
448 320 64 64 0 1
256 384 128 128 0 0
256 384 64 64 0 1
320 384 64 64 0 0
320 384 32 32 0 0
320 384 16 16 0 0
320 384 8 8 0 0
320 384 4 4 4 1
324 384 4 4 0 1
320 388 4 4 0 1
324 388 4 4 4 1
328 384 8 8 0 1
320 392 8 8 0 1
328 392 8 8 0 0
328 392 4 4 4 1
332 392 4 4 0 1
328 396 4 4 0 1
332 396 4 4 4 1
336 384 16 16 0 1
320 400 16 16 0 1
336 400 16 16 0 0
336 400 8 8 0 0
336 400 4 4 4 1
340 400 4 4 0 1
336 404 4 4 0 1
340 404 4 4 4 1
344 400 8 8 0 1
336 408 8 8 0 1
344 408 8 8 0 0
344 408 4 4 4 1
348 408 4 4 0 1
344 412 4 4 0 1
348 412 4 4 4 1
352 384 32 32 0 1
320 416 32 32 0 1
352 416 32 32 0 0
352 416 16 16 0 0
352 416 8 8 0 0
352 416 4 4 4 1
356 416 4 4 0 1
352 420 4 4 0 1
356 420 4 4 4 1
360 416 8 8 0 1
352 424 8 8 0 1
360 424 8 8 0 0
360 424 4 4 4 1
364 424 4 4 0 1
360 428 4 4 0 1
364 428 4 4 4 1
368 416 16 16 0 1
352 432 16 16 0 1
368 432 16 16 0 0
368 432 8 8 0 0
368 432 4 4 4 1
372 432 4 4 0 1
368 436 4 4 0 1
372 436 4 4 4 1
376 432 8 8 0 1
368 440 8 8 0 1
376 440 8 8 0 0
376 440 4 4 4 1
380 440 4 4 0 1
376 444 4 4 0 1
380 444 4 4 4 1
256 448 64 64 0 1
320 448 64 64 0 1
384 384 128 128 0 0
384 384 64 64 0 0
384 384 32 32 0 0
384 384 16 16 0 0
384 384 8 8 0 0
384 384 4 4 4 1
388 384 4 4 1 1
384 388 4 4 1 1
388 388 4 4 4 1
392 384 8 8 0 0
392 384 4 4 4 1
396 384 4 4 0 1
392 388 4 4 0 1
396 388 4 4 4 1
384 392 8 8 0 0
384 392 4 4 4 1
388 392 4 4 0 1
384 396 4 4 0 1
388 396 4 4 4 1
392 392 8 8 0 0
392 392 4 4 4 1
396 392 4 4 1 1
392 396 4 4 1 1
396 396 4 4 4 1
400 384 16 16 0 0
400 384 8 8 0 1
408 384 8 8 0 1
400 392 8 8 0 0
400 392 4 4 4 1
404 392 4 4 0 1
400 396 4 4 0 1
404 396 4 4 4 1
408 392 8 8 0 1
384 400 16 16 0 0
384 400 8 8 0 1
392 400 8 8 0 0
392 400 4 4 4 1
396 400 4 4 0 1
392 404 4 4 0 1
396 404 4 4 4 1
384 408 8 8 0 1
392 408 8 8 0 1
400 400 16 16 0 0
400 400 8 8 0 0
400 400 4 4 4 1
404 400 4 4 1 1
400 404 4 4 1 1
404 404 4 4 4 1
408 400 8 8 0 0
408 400 4 4 4 1
412 400 4 4 0 1
408 404 4 4 0 1
412 404 4 4 4 1
400 408 8 8 0 0
400 408 4 4 4 1
404 408 4 4 0 1
400 412 4 4 0 1
404 412 4 4 4 1
408 408 8 8 0 0
408 408 4 4 4 1
412 408 4 4 1 1
408 412 4 4 1 1
412 412 4 4 4 1
416 384 32 32 0 0
416 384 16 16 0 1
432 384 16 16 0 1
416 400 16 16 0 0
416 400 8 8 0 1
424 400 8 8 0 1
416 408 8 8 0 0
416 408 4 4 4 1
420 408 4 4 0 1
416 412 4 4 0 1
420 412 4 4 4 1
424 408 8 8 0 1
432 400 16 16 0 1
384 416 32 32 0 0
384 416 16 16 0 1
400 416 16 16 0 0
400 416 8 8 0 1
408 416 8 8 0 0
408 416 4 4 4 1
412 416 4 4 0 1
408 420 4 4 0 1
412 420 4 4 4 1
400 424 8 8 0 1
408 424 8 8 0 1
384 432 16 16 0 1
400 432 16 16 0 1
416 416 32 32 0 0
416 416 16 16 0 0
416 416 8 8 0 0
416 416 4 4 4 1
420 416 4 4 1 1
416 420 4 4 1 1
420 420 4 4 4 1
424 416 8 8 0 0
424 416 4 4 4 1
428 416 4 4 0 1
424 420 4 4 0 1
428 420 4 4 4 1
416 424 8 8 0 0
416 424 4 4 4 1
420 424 4 4 0 1
416 428 4 4 0 1
420 428 4 4 4 1
424 424 8 8 0 0
424 424 4 4 4 1
428 424 4 4 1 1
424 428 4 4 1 1
428 428 4 4 4 1
432 416 16 16 0 0
432 416 8 8 0 1
440 416 8 8 0 1
432 424 8 8 0 0
432 424 4 4 4 1
436 424 4 4 0 1
432 428 4 4 0 1
436 428 4 4 4 1
440 424 8 8 0 1
416 432 16 16 0 0
416 432 8 8 0 1
424 432 8 8 0 0
424 432 4 4 4 1
428 432 4 4 0 1
424 436 4 4 0 1
428 436 4 4 4 1
416 440 8 8 0 1
424 440 8 8 0 1
432 432 16 16 0 0
432 432 8 8 0 0
432 432 4 4 4 1
436 432 4 4 1 1
432 436 4 4 1 1
436 436 4 4 4 1
440 432 8 8 0 0
440 432 4 4 4 1
444 432 4 4 0 1
440 436 4 4 0 1
444 436 4 4 4 1
432 440 8 8 0 0
432 440 4 4 4 1
436 440 4 4 0 1
432 444 4 4 0 1
436 444 4 4 4 1
440 440 8 8 0 0
440 440 4 4 4 1
444 440 4 4 1 1
440 444 4 4 1 1
444 444 4 4 4 1
448 384 64 64 0 0
448 384 32 32 0 0
448 384 16 16 0 0
448 384 8 8 0 0
448 384 4 4 4 1
452 384 4 4 0 1
448 388 4 4 0 1
452 388 4 4 4 1
456 384 8 8 0 1
448 392 8 8 0 1
456 392 8 8 0 0
456 392 4 4 4 1
460 392 4 4 0 1
456 396 4 4 0 1
460 396 4 4 4 1
464 384 16 16 0 1
448 400 16 16 0 1
464 400 16 16 0 0
464 400 8 8 0 0
464 400 4 4 4 1
468 400 4 4 0 1
464 404 4 4 0 1
468 404 4 4 4 1
472 400 8 8 0 1
464 408 8 8 0 1
472 408 8 8 0 0
472 408 4 4 4 1
476 408 4 4 0 1
472 412 4 4 0 1
476 412 4 4 4 1
480 384 32 32 0 1
448 416 32 32 0 1
480 416 32 32 0 0
480 416 16 16 0 0
480 416 8 8 0 0
480 416 4 4 4 1
484 416 4 4 0 1
480 420 4 4 0 1
484 420 4 4 4 1
488 416 8 8 0 1
480 424 8 8 0 1
488 424 8 8 0 0
488 424 4 4 4 1
492 424 4 4 0 1
488 428 4 4 0 1
492 428 4 4 4 1
496 416 16 16 0 1
480 432 16 16 0 1
496 432 16 16 0 0
496 432 8 8 0 0
496 432 4 4 4 1
500 432 4 4 0 1
496 436 4 4 0 1
500 436 4 4 4 1
504 432 8 8 0 1
496 440 8 8 0 1
504 440 8 8 0 0
504 440 4 4 4 1
508 440 4 4 0 1
504 444 4 4 0 1
508 444 4 4 4 1
384 448 64 64 0 0
384 448 32 32 0 0
384 448 16 16 0 0
384 448 8 8 0 0
384 448 4 4 4 1
388 448 4 4 0 1
384 452 4 4 0 1
388 452 4 4 4 1
392 448 8 8 0 1
384 456 8 8 0 1
392 456 8 8 0 0
392 456 4 4 4 1
396 456 4 4 0 1
392 460 4 4 0 1
396 460 4 4 4 1
400 448 16 16 0 1
384 464 16 16 0 1
400 464 16 16 0 0
400 464 8 8 0 0
400 464 4 4 4 1
404 464 4 4 0 1
400 468 4 4 0 1
404 468 4 4 4 1
408 464 8 8 0 1
400 472 8 8 0 1
408 472 8 8 0 0
408 472 4 4 4 1
412 472 4 4 0 1
408 476 4 4 0 1
412 476 4 4 4 1
416 448 32 32 0 1
384 480 32 32 0 1
416 480 32 32 0 0
416 480 16 16 0 0
416 480 8 8 0 0
416 480 4 4 4 1
420 480 4 4 0 1
416 484 4 4 0 1
420 484 4 4 4 1
424 480 8 8 0 1
416 488 8 8 0 1
424 488 8 8 0 0
424 488 4 4 4 1
428 488 4 4 0 1
424 492 4 4 0 1
428 492 4 4 4 1
432 480 16 16 0 1
416 496 16 16 0 1
432 496 16 16 0 0
432 496 8 8 0 0
432 496 4 4 4 1
436 496 4 4 0 1
432 500 4 4 0 1
436 500 4 4 4 1
440 496 8 8 0 1
432 504 8 8 0 1
440 504 8 8 0 0
440 504 4 4 4 1
444 504 4 4 0 1
440 508 4 4 0 1
444 508 4 4 4 1
448 448 64 64 0 0
448 448 32 32 0 0
448 448 16 16 0 0
448 448 8 8 0 0
448 448 4 4 4 1
452 448 4 4 1 1
448 452 4 4 1 1
452 452 4 4 4 1
456 448 8 8 0 0
456 448 4 4 4 1
460 448 4 4 0 1
456 452 4 4 0 1
460 452 4 4 4 1
448 456 8 8 0 0
448 456 4 4 4 1
452 456 4 4 0 1
448 460 4 4 0 1
452 460 4 4 4 1
456 456 8 8 0 0
456 456 4 4 4 1
460 456 4 4 1 1
456 460 4 4 1 1
460 460 4 4 4 1
464 448 16 16 0 0
464 448 8 8 0 1
472 448 8 8 0 1
464 456 8 8 0 0
464 456 4 4 4 1
468 456 4 4 0 1
464 460 4 4 0 1
468 460 4 4 4 1
472 456 8 8 0 1
448 464 16 16 0 0
448 464 8 8 0 1
456 464 8 8 0 0
456 464 4 4 4 1
460 464 4 4 0 1
456 468 4 4 0 1
460 468 4 4 4 1
448 472 8 8 0 1
456 472 8 8 0 1
464 464 16 16 0 0
464 464 8 8 0 0
464 464 4 4 4 1
468 464 4 4 1 1
464 468 4 4 1 1
468 468 4 4 4 1
472 464 8 8 0 0
472 464 4 4 4 1
476 464 4 4 0 1
472 468 4 4 0 1
476 468 4 4 4 1
464 472 8 8 0 0
464 472 4 4 4 1
468 472 4 4 0 1
464 476 4 4 0 1
468 476 4 4 4 1
472 472 8 8 0 0
472 472 4 4 4 1
476 472 4 4 1 1
472 476 4 4 1 1
476 476 4 4 4 1
480 448 32 32 0 0
480 448 16 16 0 1
496 448 16 16 0 1
480 464 16 16 0 0
480 464 8 8 0 1
488 464 8 8 0 1
480 472 8 8 0 0
480 472 4 4 4 1
484 472 4 4 0 1
480 476 4 4 0 1
484 476 4 4 4 1
488 472 8 8 0 1
496 464 16 16 0 1
448 480 32 32 0 0
448 480 16 16 0 1
464 480 16 16 0 0
464 480 8 8 0 1
472 480 8 8 0 0
472 480 4 4 4 1
476 480 4 4 0 1
472 484 4 4 0 1
476 484 4 4 4 1
464 488 8 8 0 1
472 488 8 8 0 1
448 496 16 16 0 1
464 496 16 16 0 1
480 480 32 32 0 0
480 480 16 16 0 0
480 480 8 8 0 0
480 480 4 4 4 1
484 480 4 4 1 1
480 484 4 4 1 1
484 484 4 4 4 1
488 480 8 8 0 0
488 480 4 4 4 1
492 480 4 4 0 1
488 484 4 4 0 1
492 484 4 4 4 1
480 488 8 8 0 0
480 488 4 4 4 1
484 488 4 4 0 1
480 492 4 4 0 1
484 492 4 4 4 1
488 488 8 8 0 0
488 488 4 4 4 1
492 488 4 4 1 1
488 492 4 4 1 1
492 492 4 4 4 1
496 480 16 16 0 0
496 480 8 8 0 1
504 480 8 8 0 1
496 488 8 8 0 0
496 488 4 4 4 1
500 488 4 4 0 1
496 492 4 4 0 1
500 492 4 4 4 1
504 488 8 8 0 1
480 496 16 16 0 0
480 496 8 8 0 1
488 496 8 8 0 0
488 496 4 4 4 1
492 496 4 4 0 1
488 500 4 4 0 1
492 500 4 4 4 1
480 504 8 8 0 1
488 504 8 8 0 1
496 496 16 16 0 0
496 496 8 8 0 0
496 496 4 4 4 1
500 496 4 4 1 1
496 500 4 4 1 1
500 500 4 4 4 1
504 496 8 8 0 0
504 496 4 4 4 1
508 496 4 4 0 1
504 500 4 4 0 1
508 500 4 4 4 1
496 504 8 8 0 0
496 504 4 4 4 1
500 504 4 4 0 1
496 508 4 4 0 1
500 508 4 4 4 1
504 504 8 8 0 0
504 504 4 4 4 1
508 504 4 4 1 1
504 508 4 4 1 1
508 508 4 4 4 1
