0 0 4096 4096 0 0
0 0 2048 2048 0 0
0 0 1024 1024 0 0
0 0 512 512 0 0
0 0 256 256 0 0
0 0 128 128 0 0
0 0 64 64 64 1
64 0 64 64 16 1
0 64 64 64 16 1
64 64 64 64 64 1
128 0 128 128 16 1
0 128 128 128 16 1
128 128 128 128 0 0
128 128 64 64 64 1
192 128 64 64 16 1
128 192 64 64 16 1
192 192 64 64 64 1
256 0 256 256 0 0
256 0 128 128 0 0
256 0 64 64 64 1
320 0 64 64 0 1
256 64 64 64 0 1
320 64 64 64 64 1
384 0 128 128 0 1
256 128 128 128 0 1
384 128 128 128 0 0
384 128 64 64 64 1
448 128 64 64 0 1
384 192 64 64 0 1
448 192 64 64 64 1
0 256 256 256 0 0
0 256 128 128 0 0
0 256 64 64 64 1
64 256 64 64 0 1
0 320 64 64 0 1
64 320 64 64 64 1
128 256 128 128 0 1
0 384 128 128 0 1
128 384 128 128 0 0
128 384 64 64 64 1
192 384 64 64 0 1
128 448 64 64 0 1
192 448 64 64 64 1
256 256 256 256 0 0
256 256 128 128 0 0
256 256 64 64 64 1
320 256 64 64 16 1
256 320 64 64 16 1
320 320 64 64 64 1
384 256 128 128 16 1
256 384 128 128 16 1
384 384 128 128 0 0
384 384 64 64 64 1
448 384 64 64 16 1
384 448 64 64 16 1
448 448 64 64 64 1
512 0 512 512 0 0
512 0 256 256 0 1
768 0 256 256 0 1
512 256 256 256 0 0
512 256 128 128 0 0
512 256 64 64 64 1
576 256 64 64 0 1
512 320 64 64 0 1
576 320 64 64 64 1
640 256 128 128 0 1
512 384 128 128 0 1
640 384 128 128 0 0
640 384 64 64 64 1
704 384 64 64 0 1
640 448 64 64 0 1
704 448 64 64 64 1
768 256 256 256 0 1
0 512 512 512 0 0
0 512 256 256 0 1
256 512 256 256 0 0
256 512 128 128 0 0
256 512 64 64 64 1
320 512 64 64 0 1
256 576 64 64 0 1
320 576 64 64 64 1
384 512 128 128 0 1
256 640 128 128 0 1
384 640 128 128 0 0
384 640 64 64 64 1
448 640 64 64 0 1
384 704 64 64 0 1
448 704 64 64 64 1
0 768 256 256 0 1
256 768 256 256 0 1
512 512 512 512 0 0
512 512 256 256 0 0
512 512 128 128 0 0
512 512 64 64 64 1
576 512 64 64 16 1
512 576 64 64 16 1
576 576 64 64 64 1
640 512 128 128 16 1
512 640 128 128 16 1
640 640 128 128 0 0
640 640 64 64 64 1
704 640 64 64 16 1
640 704 64 64 16 1
704 704 64 64 64 1
768 512 256 256 0 0
768 512 128 128 0 0
768 512 64 64 64 1
832 512 64 64 0 1
768 576 64 64 0 1
832 576 64 64 64 1
896 512 128 128 0 1
768 640 128 128 0 1
896 640 128 128 0 0
896 640 64 64 64 1
960 640 64 64 0 1
896 704 64 64 0 1
960 704 64 64 64 1
512 768 256 256 0 0
512 768 128 128 0 0
512 768 64 64 64 1
576 768 64 64 0 1
512 832 64 64 0 1
576 832 64 64 64 1
640 768 128 128 0 1
512 896 128 128 0 1
640 896 128 128 0 0
640 896 64 64 64 1
704 896 64 64 0 1
640 960 64 64 0 1
704 960 64 64 64 1
768 768 256 256 0 0
768 768 128 128 0 0
768 768 64 64 64 1
832 768 64 64 16 1
768 832 64 64 16 1
832 832 64 64 64 1
896 768 128 128 16 1
768 896 128 128 16 1
896 896 128 128 0 0
896 896 64 64 64 1
960 896 64 64 16 1
896 960 64 64 16 1
960 960 64 64 64 1
1024 0 1024 1024 0 0
1024 0 512 512 0 1
1536 0 512 512 0 1
1024 512 512 512 0 0
1024 512 256 256 0 1
1280 512 256 256 0 1
1024 768 256 256 0 0
1024 768 128 128 0 0
1024 768 64 64 64 1
1088 768 64 64 0 1
1024 832 64 64 0 1
1088 832 64 64 64 1
1152 768 128 128 0 1
1024 896 128 128 0 1
1152 896 128 128 0 0
1152 896 64 64 64 1
1216 896 64 64 0 1
1152 960 64 64 0 1
1216 960 64 64 64 1
1280 768 256 256 0 1
1536 512 512 512 0 1
0 1024 1024 1024 0 0
0 1024 512 512 0 1
512 1024 512 512 0 0
512 1024 256 256 0 1
768 1024 256 256 0 0
768 1024 128 128 0 0
768 1024 64 64 64 1
832 1024 64 64 0 1
768 1088 64 64 0 1
832 1088 64 64 64 1
896 1024 128 128 0 1
768 1152 128 128 0 1
896 1152 128 128 0 0
896 1152 64 64 64 1
960 1152 64 64 0 1
896 1216 64 64 0 1
960 1216 64 64 64 1
512 1280 256 256 0 1
768 1280 256 256 0 1
0 1536 512 512 0 1
512 1536 512 512 0 1
1024 1024 1024 1024 0 0
1024 1024 512 512 0 0
1024 1024 256 256 0 0
1024 1024 128 128 0 0
1024 1024 64 64 64 1
1088 1024 64 64 16 1
1024 1088 64 64 16 1
1088 1088 64 64 64 1
1152 1024 128 128 16 1
1024 1152 128 128 16 1
1152 1152 128 128 0 0
1152 1152 64 64 64 1
1216 1152 64 64 16 1
1152 1216 64 64 16 1
1216 1216 64 64 64 1
1280 1024 256 256 0 0
1280 1024 128 128 0 0
1280 1024 64 64 64 1
1344 1024 64 64 0 1
1280 1088 64 64 0 1
1344 1088 64 64 64 1
1408 1024 128 128 0 1
1280 1152 128 128 0 1
1408 1152 128 128 0 0
1408 1152 64 64 64 1
1472 1152 64 64 0 1
1408 1216 64 64 0 1
1472 1216 64 64 64 1
1024 1280 256 256 0 0
1024 1280 128 128 0 0
1024 1280 64 64 64 1
1088 1280 64 64 0 1
1024 1344 64 64 0 1
1088 1344 64 64 64 1
1152 1280 128 128 0 1
1024 1408 128 128 0 1
1152 1408 128 128 0 0
1152 1408 64 64 64 1
1216 1408 64 64 0 1
1152 1472 64 64 0 1
1216 1472 64 64 64 1
1280 1280 256 256 0 0
1280 1280 128 128 0 0
1280 1280 64 64 64 1
1344 1280 64 64 16 1
1280 1344 64 64 16 1
1344 1344 64 64 64 1
1408 1280 128 128 16 1
1280 1408 128 128 16 1
1408 1408 128 128 0 0
1408 1408 64 64 64 1
1472 1408 64 64 16 1
1408 1472 64 64 16 1
1472 1472 64 64 64 1
1536 1024 512 512 0 0
1536 1024 256 256 0 1
1792 1024 256 256 0 1
1536 1280 256 256 0 0
1536 1280 128 128 0 0
1536 1280 64 64 64 1
1600 1280 64 64 0 1
1536 1344 64 64 0 1
1600 1344 64 64 64 1
1664 1280 128 128 0 1
1536 1408 128 128 0 1
1664 1408 128 128 0 0
1664 1408 64 64 64 1
1728 1408 64 64 0 1
1664 1472 64 64 0 1
1728 1472 64 64 64 1
1792 1280 256 256 0 1
1024 1536 512 512 0 0
1024 1536 256 256 0 1
1280 1536 256 256 0 0
1280 1536 128 128 0 0
1280 1536 64 64 64 1
1344 1536 64 64 0 1
1280 1600 64 64 0 1
1344 1600 64 64 64 1
1408 1536 128 128 0 1
1280 1664 128 128 0 1
1408 1664 128 128 0 0
1408 1664 64 64 64 1
1472 1664 64 64 0 1
1408 1728 64 64 0 1
1472 1728 64 64 64 1
1024 1792 256 256 0 1
1280 1792 256 256 0 1
1536 1536 512 512 0 0
1536 1536 256 256 0 0
1536 1536 128 128 0 0
1536 1536 64 64 64 1
1600 1536 64 64 16 1
1536 1600 64 64 16 1
1600 1600 64 64 64 1
1664 1536 128 128 16 1
1536 1664 128 128 16 1
1664 1664 128 128 0 0
1664 1664 64 64 64 1
1728 1664 64 64 16 1
1664 1728 64 64 16 1
1728 1728 64 64 64 1
1792 1536 256 256 0 0
1792 1536 128 128 0 0
1792 1536 64 64 64 1
1856 1536 64 64 0 1
1792 1600 64 64 0 1
1856 1600 64 64 64 1
1920 1536 128 128 0 1
1792 1664 128 128 0 1
1920 1664 128 128 0 0
1920 1664 64 64 64 1
1984 1664 64 64 0 1
1920 1728 64 64 0 1
1984 1728 64 64 64 1
1536 1792 256 256 0 0
1536 1792 128 128 0 0
1536 1792 64 64 64 1
1600 1792 64 64 0 1
1536 1856 64 64 0 1
1600 1856 64 64 64 1
1664 1792 128 128 0 1
1536 1920 128 128 0 1
1664 1920 128 128 0 0
1664 1920 64 64 64 1
1728 1920 64 64 0 1
1664 1984 64 64 0 1
1728 1984 64 64 64 1
1792 1792 256 256 0 0
1792 1792 128 128 0 0
1792 1792 64 64 64 1
1856 1792 64 64 16 1
1792 1856 64 64 16 1
1856 1856 64 64 64 1
1920 1792 128 128 16 1
1792 1920 128 128 16 1
1920 1920 128 128 0 0
1920 1920 64 64 64 1
1984 1920 64 64 16 1
1920 1984 64 64 16 1
1984 1984 64 64 64 1
2048 0 2048 2048 0 0
2048 0 1024 1024 0 1
3072 0 1024 1024 0 1
2048 1024 1024 1024 0 0
2048 1024 512 512 0 1
2560 1024 512 512 0 1
2048 1536 512 512 0 0
2048 1536 256 256 0 1
2304 1536 256 256 0 1
2048 1792 256 256 0 0
2048 1792 128 128 0 0
2048 1792 64 64 64 1
2112 1792 64 64 0 1
2048 1856 64 64 0 1
2112 1856 64 64 64 1
2176 1792 128 128 0 1
2048 1920 128 128 0 1
2176 1920 128 128 0 0
2176 1920 64 64 64 1
2240 1920 64 64 0 1
2176 1984 64 64 0 1
2240 1984 64 64 64 1
2304 1792 256 256 0 1
2560 1536 512 512 0 1
3072 1024 1024 1024 0 1
0 2048 2048 2048 0 0
0 2048 1024 1024 0 1
1024 2048 1024 1024 0 0
1024 2048 512 512 0 1
1536 2048 512 512 0 0
1536 2048 256 256 0 1
1792 2048 256 256 0 0
1792 2048 128 128 0 0
1792 2048 64 64 64 1
1856 2048 64 64 0 1
1792 2112 64 64 0 1
1856 2112 64 64 64 1
1920 2048 128 128 0 1
1792 2176 128 128 0 1
1920 2176 128 128 0 0
1920 2176 64 64 64 1
1984 2176 64 64 0 1
1920 2240 64 64 0 1
1984 2240 64 64 64 1
1536 2304 256 256 0 1
1792 2304 256 256 0 1
1024 2560 512 512 0 1
1536 2560 512 512 0 1
0 3072 1024 1024 0 1
1024 3072 1024 1024 0 1
2048 2048 2048 2048 0 0
2048 2048 1024 1024 0 0
2048 2048 512 512 0 0
2048 2048 256 256 0 0
2048 2048 128 128 0 0
2048 2048 64 64 64 1
2112 2048 64 64 16 1
2048 2112 64 64 16 1
2112 2112 64 64 64 1
2176 2048 128 128 16 1
2048 2176 128 128 16 1
2176 2176 128 128 0 0
2176 2176 64 64 64 1
2240 2176 64 64 16 1
2176 2240 64 64 16 1
2240 2240 64 64 64 1
2304 2048 256 256 0 0
2304 2048 128 128 0 0
2304 2048 64 64 64 1
2368 2048 64 64 0 1
2304 2112 64 64 0 1
2368 2112 64 64 64 1
2432 2048 128 128 0 1
2304 2176 128 128 0 1
2432 2176 128 128 0 0
2432 2176 64 64 64 1
2496 2176 64 64 0 1
2432 2240 64 64 0 1
2496 2240 64 64 64 1
2048 2304 256 256 0 0
2048 2304 128 128 0 0
2048 2304 64 64 64 1
2112 2304 64 64 0 1
2048 2368 64 64 0 1
2112 2368 64 64 64 1
2176 2304 128 128 0 1
2048 2432 128 128 0 1
2176 2432 128 128 0 0
2176 2432 64 64 64 1
2240 2432 64 64 0 1
2176 2496 64 64 0 1
2240 2496 64 64 64 1
2304 2304 256 256 0 0
2304 2304 128 128 0 0
2304 2304 64 64 64 1
2368 2304 64 64 16 1
2304 2368 64 64 16 1
2368 2368 64 64 64 1
2432 2304 128 128 16 1
2304 2432 128 128 16 1
2432 2432 128 128 0 0
2432 2432 64 64 64 1
2496 2432 64 64 16 1
2432 2496 64 64 16 1
2496 2496 64 64 64 1
2560 2048 512 512 0 0
2560 2048 256 256 0 1
2816 2048 256 256 0 1
2560 2304 256 256 0 0
2560 2304 128 128 0 0
2560 2304 64 64 64 1
2624 2304 64 64 0 1
2560 2368 64 64 0 1
2624 2368 64 64 64 1
2688 2304 128 128 0 1
2560 2432 128 128 0 1
2688 2432 128 128 0 0
2688 2432 64 64 64 1
2752 2432 64 64 0 1
2688 2496 64 64 0 1
2752 2496 64 64 64 1
2816 2304 256 256 0 1
2048 2560 512 512 0 0
2048 2560 256 256 0 1
2304 2560 256 256 0 0
2304 2560 128 128 0 0
2304 2560 64 64 64 1
2368 2560 64 64 0 1
2304 2624 64 64 0 1
2368 2624 64 64 64 1
2432 2560 128 128 0 1
2304 2688 128 128 0 1
2432 2688 128 128 0 0
2432 2688 64 64 64 1
2496 2688 64 64 0 1
2432 2752 64 64 0 1
2496 2752 64 64 64 1
2048 2816 256 256 0 1
2304 2816 256 256 0 1
2560 2560 512 512 0 0
2560 2560 256 256 0 0
2560 2560 128 128 0 0
2560 2560 64 64 64 1
2624 2560 64 64 16 1
2560 2624 64 64 16 1
2624 2624 64 64 64 1
2688 2560 128 128 16 1
2560 2688 128 128 16 1
2688 2688 128 128 0 0
2688 2688 64 64 64 1
2752 2688 64 64 16 1
2688 2752 64 64 16 1
2752 2752 64 64 64 1
2816 2560 256 256 0 0
2816 2560 128 128 0 0
2816 2560 64 64 64 1
2880 2560 64 64 0 1
2816 2624 64 64 0 1
2880 2624 64 64 64 1
2944 2560 128 128 0 1
2816 2688 128 128 0 1
2944 2688 128 128 0 0
2944 2688 64 64 64 1
3008 2688 64 64 0 1
2944 2752 64 64 0 1
3008 2752 64 64 64 1
2560 2816 256 256 0 0
2560 2816 128 128 0 0
2560 2816 64 64 64 1
2624 2816 64 64 0 1
2560 2880 64 64 0 1
2624 2880 64 64 64 1
2688 2816 128 128 0 1
2560 2944 128 128 0 1
2688 2944 128 128 0 0
2688 2944 64 64 64 1
2752 2944 64 64 0 1
2688 3008 64 64 0 1
2752 3008 64 64 64 1
2816 2816 256 256 0 0
2816 2816 128 128 0 0
2816 2816 64 64 64 1
2880 2816 64 64 16 1
2816 2880 64 64 16 1
2880 2880 64 64 64 1
2944 2816 128 128 16 1
2816 2944 128 128 16 1
2944 2944 128 128 0 0
2944 2944 64 64 64 1
3008 2944 64 64 16 1
2944 3008 64 64 16 1
3008 3008 64 64 64 1
3072 2048 1024 1024 0 0
3072 2048 512 512 0 1
3584 2048 512 512 0 1
3072 2560 512 512 0 0
3072 2560 256 256 0 1
3328 2560 256 256 0 1
3072 2816 256 256 0 0
3072 2816 128 128 0 0
3072 2816 64 64 64 1
3136 2816 64 64 0 1
3072 2880 64 64 0 1
3136 2880 64 64 64 1
3200 2816 128 128 0 1
3072 2944 128 128 0 1
3200 2944 128 128 0 0
3200 2944 64 64 64 1
3264 2944 64 64 0 1
3200 3008 64 64 0 1
3264 3008 64 64 64 1
3328 2816 256 256 0 1
3584 2560 512 512 0 1
2048 3072 1024 1024 0 0
2048 3072 512 512 0 1
2560 3072 512 512 0 0
2560 3072 256 256 0 1
2816 3072 256 256 0 0
2816 3072 128 128 0 0
2816 3072 64 64 64 1
2880 3072 64 64 0 1
2816 3136 64 64 0 1
2880 3136 64 64 64 1
2944 3072 128 128 0 1
2816 3200 128 128 0 1
2944 3200 128 128 0 0
2944 3200 64 64 64 1
3008 3200 64 64 0 1
2944 3264 64 64 0 1
3008 3264 64 64 64 1
2560 3328 256 256 0 1
2816 3328 256 256 0 1
2048 3584 512 512 0 1
2560 3584 512 512 0 1
3072 3072 1024 1024 0 0
3072 3072 512 512 0 0
3072 3072 256 256 0 0
3072 3072 128 128 0 0
3072 3072 64 64 64 1
3136 3072 64 64 16 1
3072 3136 64 64 16 1
3136 3136 64 64 64 1
3200 3072 128 128 16 1
3072 3200 128 128 16 1
3200 3200 128 128 0 0
3200 3200 64 64 64 1
3264 3200 64 64 16 1
3200 3264 64 64 16 1
3264 3264 64 64 64 1
3328 3072 256 256 0 0
3328 3072 128 128 0 0
3328 3072 64 64 64 1
3392 3072 64 64 0 1
3328 3136 64 64 0 1
3392 3136 64 64 64 1
3456 3072 128 128 0 1
3328 3200 128 128 0 1
3456 3200 128 128 0 0
3456 3200 64 64 64 1
3520 3200 64 64 0 1
3456 3264 64 64 0 1
3520 3264 64 64 64 1
3072 3328 256 256 0 0
3072 3328 128 128 0 0
3072 3328 64 64 64 1
3136 3328 64 64 0 1
3072 3392 64 64 0 1
3136 3392 64 64 64 1
3200 3328 128 128 0 1
3072 3456 128 128 0 1
3200 3456 128 128 0 0
3200 3456 64 64 64 1
3264 3456 64 64 0 1
3200 3520 64 64 0 1
3264 3520 64 64 64 1
3328 3328 256 256 0 0
3328 3328 128 128 0 0
3328 3328 64 64 64 1
3392 3328 64 64 16 1
3328 3392 64 64 16 1
3392 3392 64 64 64 1
3456 3328 128 128 16 1
3328 3456 128 128 16 1
3456 3456 128 128 0 0
3456 3456 64 64 64 1
3520 3456 64 64 16 1
3456 3520 64 64 16 1
3520 3520 64 64 64 1
3584 3072 512 512 0 0
3584 3072 256 256 0 1
3840 3072 256 256 0 1
3584 3328 256 256 0 0
3584 3328 128 128 0 0
3584 3328 64 64 64 1
3648 3328 64 64 0 1
3584 3392 64 64 0 1
3648 3392 64 64 64 1
3712 3328 128 128 0 1
3584 3456 128 128 0 1
3712 3456 128 128 0 0
3712 3456 64 64 64 1
3776 3456 64 64 0 1
3712 3520 64 64 0 1
3776 3520 64 64 64 1
3840 3328 256 256 0 1
3072 3584 512 512 0 0
3072 3584 256 256 0 1
3328 3584 256 256 0 0
3328 3584 128 128 0 0
3328 3584 64 64 64 1
3392 3584 64 64 0 1
3328 3648 64 64 0 1
3392 3648 64 64 64 1
3456 3584 128 128 0 1
3328 3712 128 128 0 1
3456 3712 128 128 0 0
3456 3712 64 64 64 1
3520 3712 64 64 0 1
3456 3776 64 64 0 1
3520 3776 64 64 64 1
3072 3840 256 256 0 1
3328 3840 256 256 0 1
3584 3584 512 512 0 0
3584 3584 256 256 0 0
3584 3584 128 128 0 0
3584 3584 64 64 64 1
3648 3584 64 64 16 1
3584 3648 64 64 16 1
3648 3648 64 64 64 1
3712 3584 128 128 16 1
3584 3712 128 128 16 1
3712 3712 128 128 0 0
3712 3712 64 64 64 1
3776 3712 64 64 16 1
3712 3776 64 64 16 1
3776 3776 64 64 64 1
3840 3584 256 256 0 0
3840 3584 128 128 0 0
3840 3584 64 64 64 1
3904 3584 64 64 0 1
3840 3648 64 64 0 1
3904 3648 64 64 64 1
3968 3584 128 128 0 1
3840 3712 128 128 0 1
3968 3712 128 128 0 0
3968 3712 64 64 64 1
4032 3712 64 64 0 1
3968 3776 64 64 0 1
4032 3776 64 64 64 1
3584 3840 256 256 0 0
3584 3840 128 128 0 0
3584 3840 64 64 64 1
3648 3840 64 64 0 1
3584 3904 64 64 0 1
3648 3904 64 64 64 1
3712 3840 128 128 0 1
3584 3968 128 128 0 1
3712 3968 128 128 0 0
3712 3968 64 64 64 1
3776 3968 64 64 0 1
3712 4032 64 64 0 1
3776 4032 64 64 64 1
3840 3840 256 256 0 0
3840 3840 128 128 0 0
3840 3840 64 64 64 1
3904 3840 64 64 16 1
3840 3904 64 64 16 1
3904 3904 64 64 64 1
3968 3840 128 128 16 1
3840 3968 128 128 16 1
3968 3968 128 128 0 0
3968 3968 64 64 64 1
4032 3968 64 64 16 1
3968 4032 64 64 16 1
4032 4032 64 64 64 1
