2 4 0.1 2467 5 4.0086e-27
2 16 0.1 1731 2 1.55005e-26
2 32 0.1 1109 1 1.13441e-26
2 64 0.1 1126 1 1.13441e-26
2 4 0.001 2170 5 4.0086e-27
2 16 0.001 1750 1 1.55005e-26
2 32 0.001 1078 1 1.13441e-26
2 64 0.001 1104 1 1.13441e-26
2 4 1e-05 2208 6 4.0086e-27
2 16 1e-05 1753 1 1.55005e-26
2 32 1e-05 1118 1 1.13441e-26
2 64 1e-05 1091 2 1.13441e-26
2 4 1e-07 2254 5 4.0086e-27
2 16 1e-07 1862 2 1.55005e-26
2 32 1e-07 1112 1 1.13441e-26
2 64 1e-07 1105 1 1.13441e-26
2 4 1e-09 2179 6 4.0086e-27
2 16 1e-09 1712 1 1.55005e-26
2 32 1e-09 1145 1 1.13441e-26
2 64 1e-09 1106 1 1.13441e-26
3 4 0.1 217366 72 2.76154e-26
3 16 0.1 192827 51 5.4344e-26
3 32 0.1 189723 92 8.11337e-26
3 64 0.1 170338 99 1.25839e-25
3 4 0.001 199481 85 2.76154e-26
3 16 0.001 194602 55 5.4344e-26
3 32 0.001 184412 66 8.11337e-26
3 64 0.001 163064 77 1.25839e-25
3 4 1e-05 190247 67 2.76154e-26
3 16 1e-05 187172 45 5.4344e-26
3 32 1e-05 180631 69 8.11337e-26
3 64 1e-05 162846 89 1.25839e-25
3 4 1e-07 194086 71 2.76154e-26
3 16 1e-07 190692 44 5.4344e-26
3 32 1e-07 188830 80 8.11337e-26
3 64 1e-07 177025 149 1.25839e-25
3 4 1e-09 192795 68 2.76154e-26
3 16 1e-09 187992 46 5.4344e-26
3 32 1e-09 179828 78 8.11337e-26
3 64 1e-09 168318 87 1.25839e-25
